	100th image
	200th image
	300th image
	400th image
	100th image
	200th image
	300th image
	400th image
	500th image
	600th image
	700th image
	800th image
	900th image
	1000th image
	1100th image
	1200th image
	1300th image
	1400th image
	1500th image
	1600th image
0: data saved!
iter0, regression_loss=86809.6484375,85983.8125,86221.953125
iter10, regression_loss=81850.4375,80775.140625,80070.171875
iter20, regression_loss=72825.0859375,70717.265625,58090.453125
iter30, regression_loss=41160.7304688,30931.9667969,17655.9902344
iter40, regression_loss=24361.5507812,20184.2226562,14452.8164062
iter50, regression_loss=18567.2558594,18457.2597656,11454.8310547
iter60, regression_loss=13838.1757812,14326.6064453,8822.66015625
iter70, regression_loss=13617.8388672,13803.1777344,9666.31054688
iter80, regression_loss=12490.4765625,11073.46875,7840.35058594
iter90, regression_loss=16795.5390625,15813.4121094,13628.2773438
iter100, regression_loss=15134.2128906,14865.9921875,10264.1074219
iter110, regression_loss=12189.2646484,10979.9648438,8469.50976562
iter120, regression_loss=13061.4697266,12956.8349609,9635.84179688
iter130, regression_loss=10566.3076172,11234.2324219,8066.00390625
iter140, regression_loss=14691.9560547,14761.9580078,12506.3466797
done
batch  0 (32, 17, 224, 224) (32, 28)
batch  1 (32, 17, 224, 224) (32, 28)
batch  2 (32, 17, 224, 224) (32, 28)
batch  3 (32, 17, 224, 224) (32, 28)
batch  4 (32, 17, 224, 224) (32, 28)
batch  5 (32, 17, 224, 224) (32, 28)
batch  6 (32, 17, 224, 224) (32, 28)
batch  7 (32, 17, 224, 224) (32, 28)
batch  8 (32, 17, 224, 224) (32, 28)
batch  9 (32, 17, 224, 224) (32, 28)
batch  10 (32, 17, 224, 224) (32, 28)
batch  11 (32, 17, 224, 224) (32, 28)
batch  12 (32, 17, 224, 224) (32, 28)
batch  13 (32, 17, 224, 224) (32, 28)
batch  14 (32, 17, 224, 224) (32, 28)
batch  15 (32, 17, 224, 224) (32, 28)
batch  16 (32, 17, 224, 224) (32, 28)
batch  17 (32, 17, 224, 224) (32, 28)
batch  18 (32, 17, 224, 224) (32, 28)
batch  19 (32, 17, 224, 224) (32, 28)
batch  20 (32, 17, 224, 224) (32, 28)
batch  21 (32, 17, 224, 224) (32, 28)
batch  22 (32, 17, 224, 224) (32, 28)
batch  23 (32, 17, 224, 224) (32, 28)
batch  24 (32, 17, 224, 224) (32, 28)
batch  25 (32, 17, 224, 224) (32, 28)
batch  26 (32, 17, 224, 224) (32, 28)
batch  27 (32, 17, 224, 224) (32, 28)
batch  28 (32, 17, 224, 224) (32, 28)
batch  29 (32, 17, 224, 224) (32, 28)
batch  30 (32, 17, 224, 224) (32, 28)
batch  31 (32, 17, 224, 224) (32, 28)
batch  32 (32, 17, 224, 224) (32, 28)
batch  33 (32, 17, 224, 224) (32, 28)
batch  34 (32, 17, 224, 224) (32, 28)
batch  35 (32, 17, 224, 224) (32, 28)
batch  36 (32, 17, 224, 224) (32, 28)
batch  37 (32, 17, 224, 224) (32, 28)
batch  38 (32, 17, 224, 224) (32, 28)
batch  39 (32, 17, 224, 224) (32, 28)
batch  40 (32, 17, 224, 224) (32, 28)
batch  41 (32, 17, 224, 224) (32, 28)
batch  42 (32, 17, 224, 224) (32, 28)
batch  43 (32, 17, 224, 224) (32, 28)
batch  44 (32, 17, 224, 224) (32, 28)
batch  45 (32, 17, 224, 224) (32, 28)
batch  46 (32, 17, 224, 224) (32, 28)
batch  47 (32, 17, 224, 224) (32, 28)
batch  48 (32, 17, 224, 224) (32, 28)
batch  49 (32, 17, 224, 224) (32, 28)
Total in Batches  (32, 17, 224, 224) 50
Predicted shape:  (1600, 28)
	100th image
	200th image
	300th image
	400th image
	500th image
	600th image
	700th image
	800th image
	900th image
	1000th image
	1100th image
	1200th image
	1300th image
	1400th image
	1500th image
	1600th image
1: data saved!
iter0, regression_loss=69309.625,62234.2382812,64433.7851562
iter10, regression_loss=8087.75634766,7971.70019531,7978.91503906
iter20, regression_loss=8943.42578125,8799.86035156,8843.27246094
iter30, regression_loss=8056.83007812,7861.30908203,8028.90136719
iter40, regression_loss=12657.1777344,12688.0908203,12609.1679688
iter50, regression_loss=11276.6113281,11206.125,11289.6210938
iter60, regression_loss=8006.09814453,7856.59423828,7932.98144531
iter70, regression_loss=8826.66308594,8860.99316406,8827.75585938
iter80, regression_loss=7824.6875,7769.82177734,7897.89355469
iter90, regression_loss=12706.9765625,12745.8964844,12605.0371094
iter100, regression_loss=11118.5996094,11141.7714844,11211.0585938
iter110, regression_loss=7838.44140625,7881.00830078,7897.90820312
iter120, regression_loss=8874.55078125,8783.5078125,8798.96777344
iter130, regression_loss=7725.65234375,7852.58007812,7833.84765625
iter140, regression_loss=12759.5341797,12705.2539062,12683.2851562
done
batch  0 (32, 17, 224, 224) (32, 28)
batch  1 (32, 17, 224, 224) (32, 28)
batch  2 (32, 17, 224, 224) (32, 28)
batch  3 (32, 17, 224, 224) (32, 28)
batch  4 (32, 17, 224, 224) (32, 28)
batch  5 (32, 17, 224, 224) (32, 28)
batch  6 (32, 17, 224, 224) (32, 28)
batch  7 (32, 17, 224, 224) (32, 28)
batch  8 (32, 17, 224, 224) (32, 28)
batch  9 (32, 17, 224, 224) (32, 28)
batch  10 (32, 17, 224, 224) (32, 28)
batch  11 (32, 17, 224, 224) (32, 28)
batch  12 (32, 17, 224, 224) (32, 28)
batch  13 (32, 17, 224, 224) (32, 28)
batch  14 (32, 17, 224, 224) (32, 28)
batch  15 (32, 17, 224, 224) (32, 28)
batch  16 (32, 17, 224, 224) (32, 28)
batch  17 (32, 17, 224, 224) (32, 28)
batch  18 (32, 17, 224, 224) (32, 28)
batch  19 (32, 17, 224, 224) (32, 28)
batch  20 (32, 17, 224, 224) (32, 28)
batch  21 (32, 17, 224, 224) (32, 28)
batch  22 (32, 17, 224, 224) (32, 28)
batch  23 (32, 17, 224, 224) (32, 28)
batch  24 (32, 17, 224, 224) (32, 28)
batch  25 (32, 17, 224, 224) (32, 28)
batch  26 (32, 17, 224, 224) (32, 28)
batch  27 (32, 17, 224, 224) (32, 28)
batch  28 (32, 17, 224, 224) (32, 28)
batch  29 (32, 17, 224, 224) (32, 28)
batch  30 (32, 17, 224, 224) (32, 28)
batch  31 (32, 17, 224, 224) (32, 28)
batch  32 (32, 17, 224, 224) (32, 28)
batch  33 (32, 17, 224, 224) (32, 28)
batch  34 (32, 17, 224, 224) (32, 28)
batch  35 (32, 17, 224, 224) (32, 28)
batch  36 (32, 17, 224, 224) (32, 28)
batch  37 (32, 17, 224, 224) (32, 28)
batch  38 (32, 17, 224, 224) (32, 28)
batch  39 (32, 17, 224, 224) (32, 28)
batch  40 (32, 17, 224, 224) (32, 28)
batch  41 (32, 17, 224, 224) (32, 28)
batch  42 (32, 17, 224, 224) (32, 28)
batch  43 (32, 17, 224, 224) (32, 28)
batch  44 (32, 17, 224, 224) (32, 28)
batch  45 (32, 17, 224, 224) (32, 28)
batch  46 (32, 17, 224, 224) (32, 28)
batch  47 (32, 17, 224, 224) (32, 28)
batch  48 (32, 17, 224, 224) (32, 28)
batch  49 (32, 17, 224, 224) (32, 28)
Total in Batches  (32, 17, 224, 224) 50
Predicted shape:  (1600, 28)
	100th image
	200th image
	300th image
	400th image
	500th image
	600th image
	700th image
	800th image
	900th image
	1000th image
	1100th image
	1200th image
	1300th image
	1400th image
	1500th image
	1600th image
2: data saved!
iter0, regression_loss=11180.1953125,11159.7226562,11102.7509766
iter10, regression_loss=7785.30126953,7784.59179688,7758.7890625
iter20, regression_loss=8968.52148438,8980.76367188,8911.37695312
iter30, regression_loss=7642.50488281,7667.18652344,7648.85742188
iter40, regression_loss=12858.4589844,12980.7617188,12886.9882812
iter50, regression_loss=11214.3300781,11150.1748047,11137.1972656
iter60, regression_loss=7747.55810547,7759.56054688,7757.81835938
iter70, regression_loss=8844.37695312,8844.46972656,8896.625
iter80, regression_loss=7696.63769531,7606.14404297,7620.75976562
iter90, regression_loss=12790.1640625,12990.9316406,12796.7539062
iter100, regression_loss=11205.8515625,11083.015625,11164.7324219
iter110, regression_loss=7840.24511719,7766.17529297,7756.65429688
iter120, regression_loss=8823.87695312,8856.92285156,8858.00292969
iter130, regression_loss=7716.04882812,7711.46191406,7688.52539062
iter140, regression_loss=12798.8652344,12843.4931641,12780.015625
done
batch  0 (32, 17, 224, 224) (32, 28)
batch  1 (32, 17, 224, 224) (32, 28)
batch  2 (32, 17, 224, 224) (32, 28)
batch  3 (32, 17, 224, 224) (32, 28)
batch  4 (32, 17, 224, 224) (32, 28)
batch  5 (32, 17, 224, 224) (32, 28)
batch  6 (32, 17, 224, 224) (32, 28)
batch  7 (32, 17, 224, 224) (32, 28)
batch  8 (32, 17, 224, 224) (32, 28)
batch  9 (32, 17, 224, 224) (32, 28)
batch  10 (32, 17, 224, 224) (32, 28)
batch  11 (32, 17, 224, 224) (32, 28)
batch  12 (32, 17, 224, 224) (32, 28)
batch  13 (32, 17, 224, 224) (32, 28)
batch  14 (32, 17, 224, 224) (32, 28)
batch  15 (32, 17, 224, 224) (32, 28)
batch  16 (32, 17, 224, 224) (32, 28)
batch  17 (32, 17, 224, 224) (32, 28)
batch  18 (32, 17, 224, 224) (32, 28)
batch  19 (32, 17, 224, 224) (32, 28)
batch  20 (32, 17, 224, 224) (32, 28)
batch  21 (32, 17, 224, 224) (32, 28)
batch  22 (32, 17, 224, 224) (32, 28)
batch  23 (32, 17, 224, 224) (32, 28)
batch  24 (32, 17, 224, 224) (32, 28)
batch  25 (32, 17, 224, 224) (32, 28)
batch  26 (32, 17, 224, 224) (32, 28)
batch  27 (32, 17, 224, 224) (32, 28)
batch  28 (32, 17, 224, 224) (32, 28)
batch  29 (32, 17, 224, 224) (32, 28)
batch  30 (32, 17, 224, 224) (32, 28)
batch  31 (32, 17, 224, 224) (32, 28)
batch  32 (32, 17, 224, 224) (32, 28)
batch  33 (32, 17, 224, 224) (32, 28)
batch  34 (32, 17, 224, 224) (32, 28)
batch  35 (32, 17, 224, 224) (32, 28)
batch  36 (32, 17, 224, 224) (32, 28)
batch  37 (32, 17, 224, 224) (32, 28)
batch  38 (32, 17, 224, 224) (32, 28)
batch  39 (32, 17, 224, 224) (32, 28)
batch  40 (32, 17, 224, 224) (32, 28)
batch  41 (32, 17, 224, 224) (32, 28)
batch  42 (32, 17, 224, 224) (32, 28)
batch  43 (32, 17, 224, 224) (32, 28)
batch  44 (32, 17, 224, 224) (32, 28)
batch  45 (32, 17, 224, 224) (32, 28)
batch  46 (32, 17, 224, 224) (32, 28)
batch  47 (32, 17, 224, 224) (32, 28)
batch  48 (32, 17, 224, 224) (32, 28)
batch  49 (32, 17, 224, 224) (32, 28)
Total in Batches  (32, 17, 224, 224) 50
Predicted shape:  (1600, 28)
	100th image
	200th image
	300th image
	400th image
	500th image
	600th image
	700th image
	800th image
	900th image
	1000th image
	1100th image
	1200th image
	1300th image
	1400th image
	1500th image
	1600th image
3: data saved!
iter0, regression_loss=11179.5771484,11166.8203125,11225.7578125
iter10, regression_loss=7765.08300781,7716.68945312,7761.84277344
iter20, regression_loss=8872.11328125,8939.57128906,8911.51367188
iter30, regression_loss=7616.75585938,7694.55957031,7620.14453125
iter40, regression_loss=12885.6513672,12952.6816406,12917.7402344
iter50, regression_loss=11212.6982422,11245.6113281,11216.2333984
iter60, regression_loss=7766.99414062,7755.08496094,7767.52441406
iter70, regression_loss=8889.66503906,8918.70898438,8899.81054688
iter80, regression_loss=7647.08056641,7701.609375,7648.80859375
iter90, regression_loss=12751.0488281,12953.0478516,12884.1386719
iter100, regression_loss=11169.0234375,11192.5214844,11203.4902344
iter110, regression_loss=7749.80859375,7759.88232422,7759.91552734
iter120, regression_loss=8893.52929688,8823.015625,8867.88476562
iter130, regression_loss=7671.40283203,7658.66259766,7654.50146484
iter140, regression_loss=12845.0029297,12921.2910156,12894.7363281
done
batch  0 (32, 17, 224, 224) (32, 28)
batch  1 (32, 17, 224, 224) (32, 28)
batch  2 (32, 17, 224, 224) (32, 28)
batch  3 (32, 17, 224, 224) (32, 28)
batch  4 (32, 17, 224, 224) (32, 28)
batch  5 (32, 17, 224, 224) (32, 28)
batch  6 (32, 17, 224, 224) (32, 28)
batch  7 (32, 17, 224, 224) (32, 28)
batch  8 (32, 17, 224, 224) (32, 28)
batch  9 (32, 17, 224, 224) (32, 28)
batch  10 (32, 17, 224, 224) (32, 28)
batch  11 (32, 17, 224, 224) (32, 28)
batch  12 (32, 17, 224, 224) (32, 28)
batch  13 (32, 17, 224, 224) (32, 28)
batch  14 (32, 17, 224, 224) (32, 28)
batch  15 (32, 17, 224, 224) (32, 28)
batch  16 (32, 17, 224, 224) (32, 28)
batch  17 (32, 17, 224, 224) (32, 28)
batch  18 (32, 17, 224, 224) (32, 28)
batch  19 (32, 17, 224, 224) (32, 28)
batch  20 (32, 17, 224, 224) (32, 28)
batch  21 (32, 17, 224, 224) (32, 28)
batch  22 (32, 17, 224, 224) (32, 28)
batch  23 (32, 17, 224, 224) (32, 28)
batch  24 (32, 17, 224, 224) (32, 28)
batch  25 (32, 17, 224, 224) (32, 28)
batch  26 (32, 17, 224, 224) (32, 28)
batch  27 (32, 17, 224, 224) (32, 28)
batch  28 (32, 17, 224, 224) (32, 28)
batch  29 (32, 17, 224, 224) (32, 28)
batch  30 (32, 17, 224, 224) (32, 28)
batch  31 (32, 17, 224, 224) (32, 28)
batch  32 (32, 17, 224, 224) (32, 28)
batch  33 (32, 17, 224, 224) (32, 28)
batch  34 (32, 17, 224, 224) (32, 28)
batch  35 (32, 17, 224, 224) (32, 28)
batch  36 (32, 17, 224, 224) (32, 28)
batch  37 (32, 17, 224, 224) (32, 28)
batch  38 (32, 17, 224, 224) (32, 28)
batch  39 (32, 17, 224, 224) (32, 28)
batch  40 (32, 17, 224, 224) (32, 28)
batch  41 (32, 17, 224, 224) (32, 28)
batch  42 (32, 17, 224, 224) (32, 28)
batch  43 (32, 17, 224, 224) (32, 28)
batch  44 (32, 17, 224, 224) (32, 28)
batch  45 (32, 17, 224, 224) (32, 28)
batch  46 (32, 17, 224, 224) (32, 28)
batch  47 (32, 17, 224, 224) (32, 28)
batch  48 (32, 17, 224, 224) (32, 28)
batch  49 (32, 17, 224, 224) (32, 28)
Total in Batches  (32, 17, 224, 224) 50
Predicted shape:  (1600, 28)
