	100th image
	200th image
	300th image
	400th image
	100th image
	200th image
	300th image
	400th image
	500th image
	600th image
	700th image
	800th image
	900th image
	1000th image
	1100th image
	1200th image
	1300th image
	1400th image
	1500th image
	1600th image
0: data saved!
iter0, regression_loss=13752.0224609,13612.7773438,13779.6767578
iter10, regression_loss=7165.87011719,7356.90185547,7258.84765625
iter20, regression_loss=8601.48828125,9650.12207031,8501.375
iter30, regression_loss=6619.84960938,6640.39404297,6452.35253906
iter40, regression_loss=11553.0839844,11751.9980469,11565.9716797
iter50, regression_loss=9778.69824219,9413.16894531,9630.74707031
iter60, regression_loss=7001.25488281,7150.48828125,6791.00537109
iter70, regression_loss=8348.56054688,8224.23339844,8171.30566406
iter80, regression_loss=6518.10839844,6496.18457031,6559.33886719
iter90, regression_loss=11495.6699219,11537.2802734,11560.1386719
iter100, regression_loss=9460.70703125,9505.27636719,9416.5390625
iter110, regression_loss=7181.90136719,6922.79443359,6787.41894531
iter120, regression_loss=8108.49755859,8286.93847656,8242.68359375
iter130, regression_loss=6462.17089844,6385.80273438,6362.55517578
iter140, regression_loss=11497.7421875,11447.3398438,11482.0371094
done
batch  0 (32, 17, 224, 224) (32, 28)
batch  1 (32, 17, 224, 224) (32, 28)
batch  2 (32, 17, 224, 224) (32, 28)
batch  3 (32, 17, 224, 224) (32, 28)
batch  4 (32, 17, 224, 224) (32, 28)
batch  5 (32, 17, 224, 224) (32, 28)
batch  6 (32, 17, 224, 224) (32, 28)
batch  7 (32, 17, 224, 224) (32, 28)
batch  8 (32, 17, 224, 224) (32, 28)
batch  9 (32, 17, 224, 224) (32, 28)
batch  10 (32, 17, 224, 224) (32, 28)
batch  11 (32, 17, 224, 224) (32, 28)
batch  12 (32, 17, 224, 224) (32, 28)
batch  13 (32, 17, 224, 224) (32, 28)
batch  14 (32, 17, 224, 224) (32, 28)
batch  15 (32, 17, 224, 224) (32, 28)
batch  16 (32, 17, 224, 224) (32, 28)
batch  17 (32, 17, 224, 224) (32, 28)
batch  18 (32, 17, 224, 224) (32, 28)
batch  19 (32, 17, 224, 224) (32, 28)
batch  20 (32, 17, 224, 224) (32, 28)
batch  21 (32, 17, 224, 224) (32, 28)
batch  22 (32, 17, 224, 224) (32, 28)
batch  23 (32, 17, 224, 224) (32, 28)
batch  24 (32, 17, 224, 224) (32, 28)
batch  25 (32, 17, 224, 224) (32, 28)
batch  26 (32, 17, 224, 224) (32, 28)
batch  27 (32, 17, 224, 224) (32, 28)
batch  28 (32, 17, 224, 224) (32, 28)
batch  29 (32, 17, 224, 224) (32, 28)
batch  30 (32, 17, 224, 224) (32, 28)
batch  31 (32, 17, 224, 224) (32, 28)
batch  32 (32, 17, 224, 224) (32, 28)
batch  33 (32, 17, 224, 224) (32, 28)
batch  34 (32, 17, 224, 224) (32, 28)
batch  35 (32, 17, 224, 224) (32, 28)
batch  36 (32, 17, 224, 224) (32, 28)
batch  37 (32, 17, 224, 224) (32, 28)
batch  38 (32, 17, 224, 224) (32, 28)
batch  39 (32, 17, 224, 224) (32, 28)
batch  40 (32, 17, 224, 224) (32, 28)
batch  41 (32, 17, 224, 224) (32, 28)
batch  42 (32, 17, 224, 224) (32, 28)
batch  43 (32, 17, 224, 224) (32, 28)
batch  44 (32, 17, 224, 224) (32, 28)
batch  45 (32, 17, 224, 224) (32, 28)
batch  46 (32, 17, 224, 224) (32, 28)
batch  47 (32, 17, 224, 224) (32, 28)
batch  48 (32, 17, 224, 224) (32, 28)
batch  49 (32, 17, 224, 224) (32, 28)
Total in Batches  (32, 17, 224, 224) 50
Predicted shape:  (1600, 28)
	100th image
	200th image
	300th image
	400th image
	500th image
	600th image
	700th image
	800th image
	900th image
	1000th image
	1100th image
	1200th image
	1300th image
	1400th image
	1500th image
	1600th image
1: data saved!
iter0, regression_loss=12418.3457031,12568.59375,13178.7607422
iter10, regression_loss=7273.83886719,7452.71826172,7223.22607422
iter20, regression_loss=8223.74707031,8280.81835938,8214.79492188
iter30, regression_loss=6533.70996094,6552.31445312,6475.78125
iter40, regression_loss=11437.8212891,11464.0195312,11369.7539062
iter50, regression_loss=9309.82519531,9364.54492188,9338.69824219
iter60, regression_loss=7100.02294922,7048.00195312,7025.76660156
iter70, regression_loss=8217.56835938,8157.25048828,8141.81298828
iter80, regression_loss=6450.51904297,6455.74023438,6432.55615234
iter90, regression_loss=11377.7636719,11365.4990234,11376.4267578
iter100, regression_loss=9413.12109375,9385.70507812,9349.65039062
iter110, regression_loss=6998.78222656,7024.42675781,7036.47851562
iter120, regression_loss=8149.75830078,8126.03417969,8159.01855469
iter130, regression_loss=6448.29833984,6419.73974609,6434.26513672
iter140, regression_loss=11385.3935547,11379.6035156,11393.9023438
done
batch  0 (32, 17, 224, 224) (32, 28)
batch  1 (32, 17, 224, 224) (32, 28)
batch  2 (32, 17, 224, 224) (32, 28)
batch  3 (32, 17, 224, 224) (32, 28)
batch  4 (32, 17, 224, 224) (32, 28)
batch  5 (32, 17, 224, 224) (32, 28)
batch  6 (32, 17, 224, 224) (32, 28)
batch  7 (32, 17, 224, 224) (32, 28)
batch  8 (32, 17, 224, 224) (32, 28)
batch  9 (32, 17, 224, 224) (32, 28)
batch  10 (32, 17, 224, 224) (32, 28)
batch  11 (32, 17, 224, 224) (32, 28)
batch  12 (32, 17, 224, 224) (32, 28)
batch  13 (32, 17, 224, 224) (32, 28)
batch  14 (32, 17, 224, 224) (32, 28)
batch  15 (32, 17, 224, 224) (32, 28)
batch  16 (32, 17, 224, 224) (32, 28)
batch  17 (32, 17, 224, 224) (32, 28)
batch  18 (32, 17, 224, 224) (32, 28)
batch  19 (32, 17, 224, 224) (32, 28)
batch  20 (32, 17, 224, 224) (32, 28)
batch  21 (32, 17, 224, 224) (32, 28)
batch  22 (32, 17, 224, 224) (32, 28)
batch  23 (32, 17, 224, 224) (32, 28)
batch  24 (32, 17, 224, 224) (32, 28)
batch  25 (32, 17, 224, 224) (32, 28)
batch  26 (32, 17, 224, 224) (32, 28)
batch  27 (32, 17, 224, 224) (32, 28)
batch  28 (32, 17, 224, 224) (32, 28)
batch  29 (32, 17, 224, 224) (32, 28)
batch  30 (32, 17, 224, 224) (32, 28)
batch  31 (32, 17, 224, 224) (32, 28)
batch  32 (32, 17, 224, 224) (32, 28)
batch  33 (32, 17, 224, 224) (32, 28)
batch  34 (32, 17, 224, 224) (32, 28)
batch  35 (32, 17, 224, 224) (32, 28)
batch  36 (32, 17, 224, 224) (32, 28)
batch  37 (32, 17, 224, 224) (32, 28)
batch  38 (32, 17, 224, 224) (32, 28)
batch  39 (32, 17, 224, 224) (32, 28)
batch  40 (32, 17, 224, 224) (32, 28)
batch  41 (32, 17, 224, 224) (32, 28)
batch  42 (32, 17, 224, 224) (32, 28)
batch  43 (32, 17, 224, 224) (32, 28)
batch  44 (32, 17, 224, 224) (32, 28)
batch  45 (32, 17, 224, 224) (32, 28)
batch  46 (32, 17, 224, 224) (32, 28)
batch  47 (32, 17, 224, 224) (32, 28)
batch  48 (32, 17, 224, 224) (32, 28)
batch  49 (32, 17, 224, 224) (32, 28)
Total in Batches  (32, 17, 224, 224) 50
Predicted shape:  (1600, 28)
	100th image
	200th image
	300th image
	400th image
	500th image
	600th image
	700th image
	800th image
	900th image
	1000th image
	1100th image
	1200th image
	1300th image
	1400th image
	1500th image
	1600th image
2: data saved!
iter0, regression_loss=9438.47460938,9408.03320312,9408.98632812
iter10, regression_loss=6975.76953125,7031.3203125,6994.97753906
iter20, regression_loss=8123.87402344,8133.33935547,8149.95410156
iter30, regression_loss=6379.73339844,6411.90234375,6384.94433594
iter40, regression_loss=11391.2519531,11453.9599609,11370.3134766
iter50, regression_loss=9369.15625,9406.08203125,9389.3359375
iter60, regression_loss=7020.40917969,7050.76757812,7021.47949219
iter70, regression_loss=8140.25292969,8191.0390625,8154.02441406
iter80, regression_loss=6406.43847656,6351.84570312,6385.37792969
iter90, regression_loss=11379.4697266,11374.2753906,11374.34375
iter100, regression_loss=9423.41015625,9441.03027344,9385.55859375
iter110, regression_loss=7046.75634766,7004.14892578,7022.79882812
iter120, regression_loss=8184.54296875,8124.8046875,8155.1796875
iter130, regression_loss=6422.52734375,6449.92236328,6396.79394531
iter140, regression_loss=11366.4804688,11399.7363281,11391.2050781
done
batch  0 (32, 17, 224, 224) (32, 28)
batch  1 (32, 17, 224, 224) (32, 28)
batch  2 (32, 17, 224, 224) (32, 28)
batch  3 (32, 17, 224, 224) (32, 28)
batch  4 (32, 17, 224, 224) (32, 28)
batch  5 (32, 17, 224, 224) (32, 28)
batch  6 (32, 17, 224, 224) (32, 28)
batch  7 (32, 17, 224, 224) (32, 28)
batch  8 (32, 17, 224, 224) (32, 28)
batch  9 (32, 17, 224, 224) (32, 28)
batch  10 (32, 17, 224, 224) (32, 28)
batch  11 (32, 17, 224, 224) (32, 28)
batch  12 (32, 17, 224, 224) (32, 28)
batch  13 (32, 17, 224, 224) (32, 28)
batch  14 (32, 17, 224, 224) (32, 28)
batch  15 (32, 17, 224, 224) (32, 28)
batch  16 (32, 17, 224, 224) (32, 28)
batch  17 (32, 17, 224, 224) (32, 28)
batch  18 (32, 17, 224, 224) (32, 28)
batch  19 (32, 17, 224, 224) (32, 28)
batch  20 (32, 17, 224, 224) (32, 28)
batch  21 (32, 17, 224, 224) (32, 28)
batch  22 (32, 17, 224, 224) (32, 28)
batch  23 (32, 17, 224, 224) (32, 28)
batch  24 (32, 17, 224, 224) (32, 28)
batch  25 (32, 17, 224, 224) (32, 28)
batch  26 (32, 17, 224, 224) (32, 28)
batch  27 (32, 17, 224, 224) (32, 28)
batch  28 (32, 17, 224, 224) (32, 28)
batch  29 (32, 17, 224, 224) (32, 28)
batch  30 (32, 17, 224, 224) (32, 28)
batch  31 (32, 17, 224, 224) (32, 28)
batch  32 (32, 17, 224, 224) (32, 28)
batch  33 (32, 17, 224, 224) (32, 28)
batch  34 (32, 17, 224, 224) (32, 28)
batch  35 (32, 17, 224, 224) (32, 28)
batch  36 (32, 17, 224, 224) (32, 28)
batch  37 (32, 17, 224, 224) (32, 28)
batch  38 (32, 17, 224, 224) (32, 28)
batch  39 (32, 17, 224, 224) (32, 28)
batch  40 (32, 17, 224, 224) (32, 28)
batch  41 (32, 17, 224, 224) (32, 28)
batch  42 (32, 17, 224, 224) (32, 28)
batch  43 (32, 17, 224, 224) (32, 28)
batch  44 (32, 17, 224, 224) (32, 28)
batch  45 (32, 17, 224, 224) (32, 28)
batch  46 (32, 17, 224, 224) (32, 28)
batch  47 (32, 17, 224, 224) (32, 28)
batch  48 (32, 17, 224, 224) (32, 28)
batch  49 (32, 17, 224, 224) (32, 28)
Total in Batches  (32, 17, 224, 224) 50
Predicted shape:  (1600, 28)
	100th image
	200th image
	300th image
	400th image
	500th image
	600th image
	700th image
	800th image
	900th image
	1000th image
	1100th image
	1200th image
	1300th image
	1400th image
	1500th image
	1600th image
3: data saved!
iter0, regression_loss=9472.70117188,9444.24804688,9428.27734375
iter10, regression_loss=6998.81835938,6996.01367188,6984.91162109
iter20, regression_loss=8141.6015625,8169.95507812,8137.74511719
iter30, regression_loss=6373.30957031,6414.71777344,6388.52441406
iter40, regression_loss=11375.8203125,11370.1083984,11360.5585938
iter50, regression_loss=9408.15820312,9424.45117188,9425.09765625
iter60, regression_loss=7000.18554688,7045.26660156,6986.27929688
iter70, regression_loss=8152.93457031,8206.09472656,8147.64794922
iter80, regression_loss=6406.36035156,6368.11328125,6375.34472656
iter90, regression_loss=11350.1152344,11398.6132812,11338.703125
iter100, regression_loss=9400.8359375,9403.71289062,9423.71875
iter110, regression_loss=7020.45214844,7007.12304688,6993.50390625
iter120, regression_loss=8156.50292969,8132.73486328,8141.94042969
iter130, regression_loss=6405.34472656,6372.60498047,6388.25488281
iter140, regression_loss=11338.5351562,11368.4248047,11339.3173828
done
batch  0 (32, 17, 224, 224) (32, 28)
batch  1 (32, 17, 224, 224) (32, 28)
batch  2 (32, 17, 224, 224) (32, 28)
batch  3 (32, 17, 224, 224) (32, 28)
batch  4 (32, 17, 224, 224) (32, 28)
batch  5 (32, 17, 224, 224) (32, 28)
batch  6 (32, 17, 224, 224) (32, 28)
batch  7 (32, 17, 224, 224) (32, 28)
batch  8 (32, 17, 224, 224) (32, 28)
batch  9 (32, 17, 224, 224) (32, 28)
batch  10 (32, 17, 224, 224) (32, 28)
batch  11 (32, 17, 224, 224) (32, 28)
batch  12 (32, 17, 224, 224) (32, 28)
batch  13 (32, 17, 224, 224) (32, 28)
batch  14 (32, 17, 224, 224) (32, 28)
batch  15 (32, 17, 224, 224) (32, 28)
batch  16 (32, 17, 224, 224) (32, 28)
batch  17 (32, 17, 224, 224) (32, 28)
batch  18 (32, 17, 224, 224) (32, 28)
batch  19 (32, 17, 224, 224) (32, 28)
batch  20 (32, 17, 224, 224) (32, 28)
batch  21 (32, 17, 224, 224) (32, 28)
batch  22 (32, 17, 224, 224) (32, 28)
batch  23 (32, 17, 224, 224) (32, 28)
batch  24 (32, 17, 224, 224) (32, 28)
batch  25 (32, 17, 224, 224) (32, 28)
batch  26 (32, 17, 224, 224) (32, 28)
batch  27 (32, 17, 224, 224) (32, 28)
batch  28 (32, 17, 224, 224) (32, 28)
batch  29 (32, 17, 224, 224) (32, 28)
batch  30 (32, 17, 224, 224) (32, 28)
batch  31 (32, 17, 224, 224) (32, 28)
batch  32 (32, 17, 224, 224) (32, 28)
batch  33 (32, 17, 224, 224) (32, 28)
batch  34 (32, 17, 224, 224) (32, 28)
batch  35 (32, 17, 224, 224) (32, 28)
batch  36 (32, 17, 224, 224) (32, 28)
batch  37 (32, 17, 224, 224) (32, 28)
batch  38 (32, 17, 224, 224) (32, 28)
batch  39 (32, 17, 224, 224) (32, 28)
batch  40 (32, 17, 224, 224) (32, 28)
batch  41 (32, 17, 224, 224) (32, 28)
batch  42 (32, 17, 224, 224) (32, 28)
batch  43 (32, 17, 224, 224) (32, 28)
batch  44 (32, 17, 224, 224) (32, 28)
batch  45 (32, 17, 224, 224) (32, 28)
batch  46 (32, 17, 224, 224) (32, 28)
batch  47 (32, 17, 224, 224) (32, 28)
batch  48 (32, 17, 224, 224) (32, 28)
batch  49 (32, 17, 224, 224) (32, 28)
Total in Batches  (32, 17, 224, 224) 50
Predicted shape:  (1600, 28)
